1000
4 6 1
4 30 13
95 132 3
105 116 1
114 154 5
120 167 20
152 199 12
284 292 4
631 680 11
633 668 9
678 695 2
706 734 2
706 733 5
725 755 9
773 783 2
820 869 7
847 858 2
854 861 1
883 895 3
957 963 2
985 1031 3
1133 1158 2
1140 1163 5
1169 1210 16
1200 1202 1
1224 1271 22
1261 1278 7
1339 1367 8
1387 1397 1
1404 1441 8
1451 1453 1
1665 1689 11
1779 1816 8
1799 1827 1
1826 1870 15
1899 1920 1
1939 1987 6
1946 1950 1
1957 1999 3
2002 2008 3
2200 2237 14
2229 2273 20
2233 2278 20
2243 2292 6
2265 2275 5
2286 2329 9
2339 2365 1
2393 2414 11
2424 2472 22
2459 2504 13
2598 2608 3
2599 2649 12
2656 2703 15
2692 2702 5
2707 2738 13
2747 2749 1
2855 2890 17
2901 2929 4
3013 3056 15
3030 3056 13
3041 3076 6
3107 3134 1
3253 3278 7
3279 3300 9
3293 3330 6
3315 3360 21
3441 3474 7
3469 3476 4
3473 3509 6
3562 3585 7
3609 3635 7
3616 3663 7
3654 3670 1
3658 3676 9
3742 3748 3
3795 3838 4
3812 3862 15
3815 3818 2
3952 3958 3
3954 3975 9
4253 4280 14
4381 4430 11
4466 4497 9
4497 4509 4
4511 4518 3
4518 4524 1
4525 4572 21
4545 4562 4
4564 4593 3
4652 4670 9
4768 4793 9
4777 4782 1
4815 4830 6
4883 4902 7
4893 4902 5
4928 4964 3
4946 4991 9
5113 5119 1
5155 5176 10
5170 5210 12
5172 5192 6
5196 5216 3
5203 5217 2
5281 5300 8
5285 5327 3
5299 5313 1
5363 5393 7
5394 5440 10
5428 5452 6
5453 5485 15
5476 5483 4
5476 5523 4
5503 5545 12
5521 5553 16
5531 5574 20
5535 5565 11
5653 5698 20
5656 5668 3
5684 5733 21
5825 5853 7
5928 5952 10
6008 6052 11
6014 6033 4
6129 6139 5
6137 6176 17
6221 6262 19
6230 6243 5
6492 6531 16
6509 6547 12
6552 6556 2
6558 6576 2
6626 6669 3
6628 6655 5
6667 6678 3
6722 6753 3
6776 6818 16
6777 6806 10
6825 6848 1
6827 6850 2
6845 6848 2
6846 6862 7
6894 6940 14
6972 6975 1
7091 7094 1
7120 7149 6
7235 7268 8
7331 7355 2
7365 7396 16
7366 7398 7
7366 7410 9
7399 7421 10
7449 7468 4
7661 7701 16
7674 7705 15
7791 7808 9
7819 7859 11
7990 8035 2
8043 8051 2
8218 8221 2
8297 8325 14
8314 8358 5
8330 8373 12
8334 8360 10
8390 8394 2
8403 8450 18
8473 8495 9
8478 8527 11
8544 8578 12
8582 8587 3
8672 8706 14
8682 8695 4
8695 8705 2
8708 8746 16
8712 8731 4
8764 8796 8
9013 9043 9
9013 9032 8
9159 9191 12
9173 9211 10
9236 9276 19
9479 9516 14
9499 9549 15
9611 9633 4
9674 9676 1
9703 9720 2
9775 9797 4
9836 9841 3
9849 9853 2
9975 9989 7
9989 10009 8
10090 10116 7
10096 10132 7
10112 10139 9
10184 10187 1
10244 10294 16
10253 10297 5
10266 10281 3
10288 10329 5
10314 10325 2
10382 10421 19
10437 10463 3
10565 10572 2
10576 10619 5
10604 10649 11
10613 10658 16
10619 10657 10
10642 10659 1
10665 10668 1
10762 10782 2
10890 10938 9
10897 10926 5
10909 10924 5
10909 10948 19
11044 11059 3
11121 11143 3
11125 11160 15
11137 11146 2
11261 11287 5
11406 11454 7
11444 11461 2
11449 11499 22
11481 11524 20
11508 11529 3
11542 11559 2
11576 11607 14
11758 11774 2
11798 11848 21
11808 11810 1
11823 11866 13
11837 11878 19
11851 11856 3
11852 11900 4
11870 11914 17
11909 11951 6
11958 11980 10
11988 12023 2
11989 12015 7
12010 12027 2
12014 12061 23
12059 12075 3
12060 12083 2
12064 12108 14
12123 12127 1
12165 12186 11
12193 12218 12
12320 12339 2
12488 12493 2
12580 12625 17
12631 12665 13
12804 12837 9
12814 12816 1
12841 12866 11
12842 12852 4
12878 12896 4
12961 12977 8
12984 13015 2
13009 13024 4
13055 13059 2
13068 13095 14
13095 13130 16
13098 13126 8
13234 13272 6
13244 13245 1
13278 13327 4
13288 13335 18
13332 13351 2
13360 13396 3
13403 13450 13
13418 13463 7
13591 13598 2
13591 13618 6
13768 13818 16
13800 13818 9
13844 13862 9
13850 13883 16
13995 14005 2
14087 14135 24
14139 14171 6
14236 14263 10
14334 14382 8
14375 14421 7
14436 14464 5
14482 14509 3
14536 14541 3
14575 14623 12
14616 14647 4
14638 14683 2
14642 14660 6
14671 14718 11
14674 14675 1
14676 14726 16
14771 14795 10
14811 14821 4
14826 14857 14
14895 14908 1
14963 14990 10
14993 15030 17
15020 15029 2
15103 15137 17
15168 15187 2
15195 15217 6
15216 15256 17
15326 15337 6
15385 15400 6
15438 15457 8
15475 15522 20
15488 15526 17
15495 15531 5
15726 15769 19
15751 15798 9
15838 15874 10
15895 15912 5
15913 15924 3
16080 16124 4
16166 16171 1
16169 16199 9
16177 16198 8
16200 16246 19
16259 16266 1
16334 16344 4
16341 16355 2
16397 16418 2
16486 16517 9
16510 16519 5
16535 16557 7
16544 16564 10
16569 16608 11
16584 16609 9
16734 16750 6
16745 16775 12
16819 16859 12
16856 16865 1
16883 16897 1
16898 16904 1
17120 17161 1
17136 17140 2
17141 17168 8
17164 17186 11
17205 17207 1
17207 17212 1
17323 17346 4
17426 17440 1
17503 17528 8
17527 17564 2
17634 17635 1
17651 17664 2
17792 17833 21
17834 17877 2
17986 18011 12
17994 18025 12
18064 18113 5
18066 18107 15
18094 18126 5
18169 18178 2
18170 18202 11
18201 18226 2
18300 18312 1
18379 18388 4
18399 18432 4
18583 18601 9
18626 18636 5
18645 18651 1
18658 18676 2
18756 18757 1
18766 18774 4
18887 18935 11
19023 19026 1
19033 19058 10
19130 19168 19
19199 19244 8
19227 19240 6
19241 19276 11
19260 19265 1
19361 19378 4
19374 19379 3
19428 19465 3
19435 19473 5
19472 19498 12
19495 19525 10
19580 19611 8
19590 19631 21
19711 19743 1
19742 19775 8
19804 19849 3
19805 19847 14
19838 19849 1
19906 19921 5
19952 19999 23
19994 20017 5
19994 20027 9
20012 20043 6
20075 20124 25
20145 20146 1
20167 20193 6
20181 20182 1
20206 20224 3
20412 20421 3
20420 20436 3
20447 20461 6
20522 20567 18
20542 20581 13
20572 20607 10
20631 20660 8
20754 20757 2
20845 20866 7
20846 20881 6
20902 20951 15
20940 20967 9
20952 20959 1
20998 21036 16
21035 21039 1
21038 21066 8
21054 21070 4
21057 21079 11
21063 21106 22
21162 21165 2
21182 21226 9
21193 21232 6
21204 21243 4
21206 21218 2
21273 21323 8
21286 21302 8
21309 21344 6
21313 21337 2
21325 21371 5
21379 21392 7
21444 21464 7
21472 21505 8
21584 21589 2
21652 21686 2
21667 21685 5
21756 21777 10
21763 21768 1
21765 21802 17
21815 21841 8
21853 21864 1
21895 21917 4
21955 21967 3
22226 22257 11
22234 22264 7
22237 22269 5
22243 22244 1
22257 22289 6
22306 22331 10
22333 22382 24
22428 22466 11
22503 22507 2
22505 22520 5
22510 22518 4
22570 22596 12
22652 22693 3
22713 22714 1
22713 22759 11
22749 22773 10
22779 22812 6
22836 22842 1
22876 22893 5
22975 23019 1
22977 23000 7
23022 23024 1
23113 23132 8
23165 23209 18
23166 23215 10
23191 23224 13
23309 23329 9
23498 23514 1
23512 23540 5
23516 23554 2
23552 23564 5
23630 23634 2
23678 23679 1
23754 23772 5
23763 23769 2
23820 23858 17
23871 23891 9
23886 23911 4
23924 23935 6
23949 23960 2
23978 24027 13
24007 24036 9
24026 24030 2
24051 24098 15
24109 24120 5
24172 24196 5
24231 24239 3
24259 24284 5
24412 24452 14
24437 24482 19
24492 24497 1
24533 24543 2
24568 24608 5
24685 24728 19
24716 24757 10
24802 24813 3
24862 24891 7
24917 24962 13
24929 24947 4
25009 25056 5
25048 25053 3
25084 25085 1
25111 25119 2
25131 25159 10
25327 25333 1
25329 25359 7
25358 25400 8
25415 25435 3
25445 25449 1
25525 25556 2
25548 25575 4
25579 25604 6
25626 25639 5
25628 25630 1
25635 25669 9
25651 25690 17
25675 25686 5
25717 25753 15
25774 25783 1
25911 25959 2
26045 26051 3
26073 26110 12
26142 26155 6
26180 26181 1
26184 26228 11
26257 26284 12
26276 26326 13
26436 26473 4
26446 26461 7
26507 26509 1
26545 26586 11
26586 26606 7
26612 26624 3
26673 26688 4
26763 26775 2
26808 26810 1
26850 26869 2
26874 26889 7
26908 26930 6
26953 26974 8
26995 27036 3
27040 27082 8
27057 27085 7
27062 27094 4
27077 27085 1
27099 27117 8
27116 27128 6
27123 27125 1
27148 27167 9
27215 27259 22
27254 27268 6
27383 27404 2
27536 27554 8
27621 27644 5
27648 27655 2
27659 27680 11
27723 27758 9
27780 27808 1
27866 27874 2
27871 27873 1
27888 27915 2
27971 27983 3
28127 28132 2
28129 28138 3
28207 28248 9
28213 28216 2
28213 28246 6
28335 28367 10
28399 28401 1
28488 28531 5
28567 28580 3
28583 28591 1
28718 28719 1
28721 28757 12
28728 28761 4
28873 28883 1
28917 28945 11
29067 29091 6
29151 29169 4
29286 29305 9
29316 29350 15
29324 29329 1
29340 29380 8
29348 29372 11
29349 29360 2
29362 29392 10
29390 29394 2
29468 29483 2
29477 29484 2
29497 29517 5
29518 29560 21
29619 29644 5
29668 29712 12
29689 29726 2
29798 29840 21
30001 30024 2
30007 30027 7
30016 30023 2
30043 30057 2
30078 30111 13
30090 30105 7
30111 30146 11
30251 30259 2
30257 30299 10
30290 30291 1
30412 30418 2
30418 30455 8
30477 30498 11
30488 30524 6
30524 30548 2
30525 30557 5
30611 30654 11
30619 30640 2
30651 30659 2
30671 30675 1
30752 30800 15
30769 30778 5
30864 30882 4
31005 31030 3
31046 31058 5
31053 31066 5
31204 31253 4
31260 31275 3
31265 31273 1
31298 31304 1
31341 31380 9
31358 31376 2
31523 31544 6
31584 31603 5
31696 31706 3
31748 31756 2
31969 31974 1
32032 32074 7
32074 32104 5
32089 32090 1
32100 32149 16
32165 32203 3
32169 32190 10
32220 32258 8
32260 32305 21
32362 32395 9
32430 32442 2
32435 32475 11
32630 32656 7
32668 32690 11
32672 32720 24
32915 32921 1
32943 32950 1
32952 32996 17
32984 32996 6
33025 33051 13
33060 33099 15
33117 33165 10
33126 33170 4
33142 33158 8
33377 33424 15
33408 33424 1
33562 33594 6
33573 33612 11
33645 33647 1
33671 33674 2
33759 33788 7
33775 33825 22
33787 33827 4
33790 33813 10
33794 33802 1
33842 33888 15
33972 34004 12
34124 34142 6
34132 34144 1
34146 34155 3
34224 34272 6
34237 34251 2
34289 34339 7
34308 34344 15
34365 34378 6
34496 34533 9
34567 34605 13
34594 34603 3
34631 34636 2
34675 34722 9
34713 34727 6
34785 34832 4
34832 34855 4
34949 34981 15
35009 35054 23
35024 35028 1
35042 35069 1
35141 35160 5
35207 35233 6
35252 35271 1
35282 35293 3
35324 35333 3
35364 35367 2
35442 35491 23
35581 35609 2
35631 35653 8
35725 35774 9
35766 35777 5
35781 35829 4
35799 35834 11
35886 35912 7
35991 36011 9
36048 36051 1
36117 36154 15
36277 36300 2
36283 36325 1
36299 36310 5
36376 36407 13
36404 36406 1
36419 36466 9
36433 36452 4
36437 36450 5
36444 36448 1
36468 36514 13
36518 36536 6
36537 36546 5
36540 36581 15
36565 36573 2
36574 36596 5
36705 36740 4
36719 36766 9
36760 36771 4
36854 36884 12
36922 36961 17
37007 37050 16
37102 37106 2
37123 37143 5
37150 37170 8
37167 37171 1
37187 37205 7
37207 37241 8
37270 37311 3
37309 37343 7
37312 37324 1
37406 37426 3
37468 37470 1
37515 37518 2
37524 37532 1
37534 37571 8
37611 37648 13
37757 37782 4
37790 37831 5
37850 37867 7
37935 37983 5
38006 38031 1
38027 38070 19
38030 38079 5
38043 38048 3
38046 38051 2
38089 38132 3
38090 38136 20
38146 38189 5
38178 38220 10
38191 38197 2
38203 38220 1
38239 38285 4
38282 38291 2
38418 38420 1
38455 38501 12
38513 38529 8
38589 38593 1
38822 38825 2
38827 38841 1
38847 38870 2
38861 38903 11
38902 38941 12
38909 38954 15
38925 38961 1
38938 38977 10
38970 38973 2
38987 38988 1
39028 39067 18
39055 39075 9
39168 39199 15
39168 39171 1
39340 39375 6
39368 39415 15
39481 39526 13
39530 39531 1
39536 39579 10
39539 39581 4
39551 39569 9
39604 39606 1
39616 39651 4
39629 39676 6
39647 39669 2
39655 39698 18
39675 39717 3
39703 39719 5
39715 39755 18
39774 39798 11
39843 39877 7
39939 39956 2
40091 40121 3
40151 40163 2
40234 40253 3
40256 40291 4
40270 40310 12
40302 40325 1
40328 40354 2
40345 40360 6
40439 40454 2
40447 40474 9
40455 40472 8
40534 40579 20
40576 40590 4
40597 40605 2
40661 40681 1
40827 40861 13
40835 40878 12
40858 40882 5
40866 40888 10
40977 41025 24
41078 41098 9
41107 41139 8
41179 41182 1
41187 41189 1
41222 41236 3
41305 41327 1
41365 41400 4
41377 41394 1
41475 41500 12
41480 41507 14
41491 41507 6
41594 41606 4
41617 41655 8
41627 41661 15
41693 41724 15
41735 41753 4
41785 41824 1
41826 41834 3
41857 41869 2
41886 41887 1
41993 42000 3
42031 42041 2
42103 42114 2
42124 42133 5
42153 42166 3
42234 42266 10
42352 42396 17
42387 42415 8
42442 42487 10
42462 42479 8
42484 42534 3
42557 42579 6
42563 42609 16
42713 42727 5
42770 42794 4
42947 42981 1
42950 42952 1
42965 43013 6
43036 43082 22
43038 43043 3
43123 43169 13
43126 43129 1
43206 43254 8
43240 43249 3
43378 43392 3
43387 43404 6
43464 43503 4
43473 43485 2
43473 43511 14
43475 43481 3
43492 43540 20
43506 43516 2
43523 43556 3
43582 43622 8
43755 43791 14
43757 43771 1
43761 43806 21
43808 43857 13
43817 43835 4
43874 43893 2
43945 43991 2
43955 43996 8
44115 44155 3
44128 44160 12
44167 44212 19
44194 44200 2
44223 44254 7
44268 44292 3
44269 44289 10
44279 44288 4
44314 44362 2
44363 44370 2
44447 44479 11
44510 44512 1
44532 44550 3
44546 44583 10
44681 44699 8
44808 44839 16
44864 44879 1
44923 44943 4
45059 45067 3
45077 45089 4
45144 45153 2
45269 45303 13
45281 45319 2
45299 45340 6
45393 45434 9
45479 45507 4
45486 45498 3
45511 45532 7
45567 45579 2
45585 45605 4
45596 45619 4
45633 45645 5
45757 45771 5
45900 45944 20
45912 45931 9
45917 45964 14
45927 45964 18
45945 45995 12
45949 45980 12
46010 46030 6
46024 46069 3
46048 46077 11
46066 46098 6
46104 46123 5
46141 46173 1
46187 46217 11
46232 46251 4
46271 46289 6
46282 46301 7
46335 46365 14
46519 46556 18
46520 46534 3
46530 46570 4
46563 46584 8
46610 46656 19
46750 46757 2
46786 46792 3
46791 46806 3
46792 46842 13
46824 46831 3
46851 46880 12
46870 46882 4
46875 46885 1
46877 46892 1
47019 47041 11
47070 47078 1
47090 47115 11
47108 47157 7
47206 47254 8
47206 47221 3
47296 47309 1
47342 47372 8
47357 47374 3
47382 47384 1
47390 47404 6
47436 47442 3
47549 47588 11
47588 47617 5
47630 47637 1
47635 47650 6
47725 47739 1
47790 47797 1
47805 47814 4
47856 47874 6
47863 47912 14
47932 47941 3
47968 47989 4
47971 48020 16
47978 47993 4
48034 48071 11
48183 48185 1
48253 48282 1
48349 48386 19
48359 48366 3
48422 48444 1
48432 48435 2
48449 48456 1
48485 48529 16
48511 48518 4
48512 48514 1
48604 48634 4
48611 48656 14
48646 48691 20
48665 48709 4
48685 48686 1
48770 48807 7
48878 48885 1
48957 48974 5
48996 49021 5
49002 49031 11
49018 49059 16
49072 49107 5
49163 49169 1
49227 49267 8
49293 49322 11
49343 49366 8
49388 49411 2
49456 49478 7
49480 49481 1
49556 49568 2
49569 49570 1
49596 49645 3
49691 49726 8
49758 49767 5
49797 49805 2
49954 50002 14
