2400
257 514
1807 1213
679 1358
1676 951
1962 1523
1330 259
10 20
488 976
2025 1649
27 54
841 1682
1580 759
940 1880
1073 2146
355 710
530 1060
1946 1491
1505 609
135 270
1910 1419
460 920
1108 2216
1416 431
1492 583
1274 147
1586 771
919 1838
1869 1337
164 328
1011 2022
1208 15
1497 593
1149 2298
787 1574
2072 1743
1599 797
1080 2160
1157 2314
1886 1371
1665 929
1602 803
2027 1653
1880 1359
699 1398
2376 2351
2016 1631
1296 191
1819 1237
1859 1317
2045 1689
238 476
2320 2239
387 774
144 288
1587 773
1718 1035
337 674
976 1952
2090 1779
1595 789
1018 2036
826 1652
981 1962
1287 173
1810 1219
946 1892
2379 2357
2272 2143
172 344
1677 953
242 484
556 1112
125 250
1496 591
2211 2021
2082 1763
1122 2244
587 1174
1463 525
1870 1339
1359 317
2195 1989
1210 19
2253 2105
1805 1209
1120 2240
1360 319
518 1036
1464 527
1976 1551
2197 1993
1851 1301
56 112
1755 1109
2245 2089
1347 293
2141 1881
321 642
2273 2145
1117 2234
216 432
1352 303
1227 53
2183 1965
2042 1683
845 1690
1121 2242
154 308
966 1932
1061 2122
1543 685
2361 2321
718 1436
1601 801
1573 745
1472 543
1647 893
2175 1949
1714 1027
1216 31
2331 2261
2047 1693
632 1264
1201 1
795 1590
2140 1879
522 1044
1519 637
2190 1979
703 1406
1181 2362
2398 2395
543 1086
2084 1767
2000 1599
763 1526
2114 1827
817 1634
444 888
1232 63
1321 241
2347 2293
367 734
641 1282
1079 2158
71 142
1450 499
2199 1997
2357 2313
1288 175
2191 1981
84 168
1742 1083
1674 947
184 368
578 1156
937 1874
1784 1167
211 422
1176 2352
2145 1889
1403 405
38 76
2050 1699
1320 239
1934 1467
1483 565
1179 2358
104 208
391 782
1268 135
1709 1017
2216 2031
521 1042
461 922
343 686
252 504
1540 679
1642 883
2256 2111
1264 127
264 528
2057 1713
2126 1851
805 1610
192 384
1200 2400
990 1980
1746 1091
1707 1013
1015 2030
2324 2247
1659 917
2137 1873
484 968
1271 141
663 1326
2046 1691
1162 2324
655 1310
1764 1127
1107 2214
1411 421
199 398
577 1154
924 1848
624 1248
1269 137
1427 453
1912 1423
1036 2072
2263 2125
1272 143
541 1082
1671 941
811 1622
1513 625
1155 2310
1649 897
2342 2283
1966 1531
1868 1335
2238 2075
3 6
2286 2171
131 262
974 1948
1086 2172
1995 1589
2143 1885
836 1672
2326 2251
1730 1059
618 1236
1834 1267
1842 1283
1440 479
175 350
443 886
506 1012
2318 2235
287 574
364 728
2354 2307
1313 225
984 1968
454 908
789 1578
1010 2020
656 1312
2396 2391
804 1608
850 1700
197 394
208 416
2373 2345
1873 1345
2304 2207
2289 2177
2181 1961
2163 1925
330 660
1722 1043
259 518
1661 921
2339 2277
921 1842
751 1502
2034 1667
430 860
1062 2124
1456 511
1732 1063
914 1828
134 268
1298 195
491 982
2231 2061
2080 1759
359 718
1099 2198
1380 359
2065 1729
1258 115
1639 877
1579 757
883 1766
1533 665
930 1860
372 744
36 72
857 1714
542 1084
390 780
2093 1785
1953 1505
377 754
2285 2169
1802 1203
393 786
198 396
424 848
514 1028
979 1958
320 640
1372 343
2083 1765
2223 2045
1792 1183
813 1626
1129 2258
113 226
452 904
644 1288
1557 713
1438 475
489 978
408 816
97 194
965 1930
1582 763
49 98
598 1196
2204 2007
779 1558
918 1836
1593 785
1830 1259
613 1226
459 918
23 46
2121 1841
744 1488
2089 1777
1353 305
1968 1535
1141 2282
438 876
249 498
2372 2343
352 704
1248 95
700 1400
1389 377
324 648
305 610
1516 631
246 492
1468 535
923 1846
635 1270
1798 1195
1690 979
1393 385
2368 2335
1692 983
1712 1023
681 1362
1850 1299
1467 533
1286 171
64 128
237 474
2213 2025
1064 2128
1422 443
653 1306
2381 2361
1752 1103
2295 2189
1275 149
1266 131
839 1678
368 736
2151 1901
2383 2365
2294 2187
244 488
1908 1415
1867 1333
2313 2225
464 928
1615 829
1607 813
1664 927
1843 1285
2370 2339
44 88
1194 2388
455 910
1343 285
1832 1263
1013 2026
2291 2181
2144 1887
1432 463
2135 1869
1996 1591
45 90
2229 2057
687 1374
2335 2269
1528 655
1235 69
2367 2333
178 356
168 336
2360 2319
2129 1857
1075 2150
526 1052
1324 247
81 162
1303 205
1448 495
671 1342
834 1668
2158 1915
1686 971
1795 1189
862 1724
934 1868
1522 643
2281 2161
1502 603
2305 2209
442 884
1118 2236
1399 397
1337 273
1973 1545
28 56
1847 1293
1026 2052
799 1598
610 1220
288 576
1172 2344
1374 347
1012 2024
920 1840
159 318
161 322
586 1172
801 1602
2236 2071
734 1468
2152 1903
854 1708
2391 2381
1876 1351
582 1164
1673 945
1512 623
272 544
1729 1057
2171 1941
1265 129
808 1616
1821 1241
200 400
2036 1671
1038 2076
2329 2257
418 836
1262 123
351 702
1429 457
658 1316
1047 2094
1233 65
2003 1605
1761 1121
1046 2092
1763 1125
2244 2087
1992 1583
2031 1661
392 784
1931 1461
1344 287
1982 1563
1154 2308
701 1402
1605 809
512 1024
2098 1795
683 1366
1907 1413
605 1210
2081 1761
307 614
2001 1601
1646 891
1195 2390
1548 695
1925 1449
1146 2292
293 586
1314 227
1290 179
2096 1791
1217 33
962 1924
1769 1137
2019 1637
2186 1971
1369 337
614 1228
1206 11
1783 1165
2076 1751
524 1048
1137 2274
1166 2332
284 568
1506 611
1906 1411
866 1732
1237 73
346 692
2110 1819
449 898
366 732
336 672
1365 329
1277 153
1247 93
1935 1469
2321 2241
2350 2299
1839 1277
1667 933
96 192
721 1442
1694 987
2309 2217
448 896
2341 2281
297 594
695 1390
765 1530
1335 269
1094 2188
1854 1307
1577 753
32 64
1130 2260
1043 2086
494 988
1831 1261
1060 2120
554 1108
1034 2068
1689 977
978 1956
2159 1917
1669 937
724 1448
593 1186
1743 1085
2179 1957
12 24
1951 1501
998 1996
2365 2329
1625 849
251 502
53 106
170 340
62 124
1454 507
2015 1629
1385 369
738 1476
1823 1245
1453 505
908 1816
1630 859
1373 345
325 650
2058 1715
631 1262
1739 1077
1319 237
1721 1041
1082 2164
1633 865
1679 957
1681 961
926 1852
1387 373
843 1686
2225 2049
1827 1253
973 1946
665 1330
1849 1297
1629 857
354 708
419 838
432 864
1376 351
2246 2091
29 58
328 656
1072 2144
1267 133
1524 647
717 1434
958 1916
2164 1927
2303 2205
1078 2156
824 1648
872 1744
739 1478
2214 2027
205 410
792 1584
1294 187
1305 209
590 1180
2288 2175
502 1004
213 426
2026 1651
516 1032
374 748
828 1656
182 364
228 456
2154 1907
664 1328
569 1138
410 820
349 698
2292 2183
2162 1923
1826 1251
1930 1459
1754 1107
581 1162
2330 2259
2122 1843
868 1736
1555 709
2284 2167
625 1250
2348 2295
344 688
564 1128
241 482
1772 1143
2351 2301
1462 523
528 1056
1800 1199
1014 2028
939 1878
784 1568
1363 325
2021 1641
486 972
117 234
877 1754
812 1624
398 796
426 852
1486 571
128 256
1762 1123
993 1986
247 494
2206 2011
102 204
2071 1741
505 1010
458 916
2155 1909
1980 1559
1808 1215
369 738
583 1166
2177 1953
492 984
1123 2246
878 1756
2276 2151
153 306
611 1222
4 8
875 1750
1006 2012
380 760
1782 1163
17 34
79 158
57 114
648 1296
2014 1627
389 778
404 808
262 524
1052 2104
572 1144
1197 2394
1495 589
2178 1955
1860 1319
597 1194
1965 1529
2105 1809
1611 821
2233 2065
445 890
1332 263
814 1628
553 1106
1435 469
373 746
1077 2154
2188 1975
1098 2196
2024 1647
634 1268
2079 1757
2123 1845
386 772
1203 5
847 1694
888 1776
476 952
1384 367
2107 1813
2119 1837
790 1580
2352 2303
2230 2059
1640 879
640 1280
2332 2263
1005 2010
591 1182
31 62
1626 851
298 596
371 742
1253 105
388 776
2298 2195
1716 1031
1466 531
859 1718
994 1988
1249 97
431 862
1881 1361
551 1102
498 996
167 334
1039 2078
1944 1487
332 664
1175 2350
2274 2147
969 1938
342 684
515 1030
1159 2318
416 832
1491 581
1592 783
714 1428
1281 161
2356 2311
306 612
756 1512
1724 1047
2239 2077
685 1370
1192 2384
568 1136
838 1676
1031 2062
500 1000
1820 1239
943 1886
1813 1225
2033 1665
1855 1309
2 4
1610 819
585 1170
227 454
2364 2327
1737 1073
911 1822
212 424
1651 901
43 86
1939 1477
114 228
1748 1095
810 1620
299 598
1952 1503
563 1126
1958 1515
1180 2360
1309 217
950 1900
1394 387
1959 1517
87 174
1759 1117
1386 371
42 84
1569 737
1509 617
1116 2232
1552 703
1054 2108
1322 243
1251 101
1768 1135
1401 401
1981 1561
869 1738
214 428
903 1806
851 1702
1937 1473
1503 605
217 434
1065 2130
2173 1945
1090 2180
1260 119
2189 1977
412 824
1895 1389
1306 211
983 1966
1537 673
992 1984
1534 667
353 706
483 966
116 232
1957 1513
728 1456
1087 2174
1445 489
2386 2371
1436 471
1824 1247
1280 159
1964 1527
639 1278
762 1524
1735 1069
1510 619
731 1462
1840 1279
1972 1543
876 1752
547 1094
1326 251
1680 959
646 1292
2300 2199
94 188
437 874
1071 2142
405 810
511 1022
1568 735
870 1740
340 680
160 320
809 1618
190 380
1196 2392
1751 1101
743 1486
1255 109
713 1426
1597 793
1553 705
2061 1721
334 668
363 726
944 1888
477 954
33 66
951 1902
1866 1331
977 1954
2091 1781
584 1168
145 290
2053 1705
780 1560
1178 2356
1899 1397
2270 2139
1190 2380
1905 1409
2228 2055
1504 607
1717 1033
137 274
89 178
954 1908
467 934
1044 2088
1523 645
915 1830
278 556
1836 1271
365 730
603 1206
698 1396
986 1972
900 1800
740 1480
141 282
457 914
1171 2342
1529 657
447 894
1070 2140
74 148
1574 747
169 338
118 236
1882 1363
1024 2048
1938 1475
482 964
1292 183
2010 1619
370 740
2194 1987
2385 2369
1900 1399
2217 2033
1218 35
1442 483
2255 2109
1617 833
463 926
1239 77
1777 1153
1302 203
2392 2383
513 1026
2074 1747
575 1150
1631 861
1477 553
1536 671
1308 215
1331 261
294 588
1431 461
791 1582
465 930
1151 2302
2377 2353
2136 1871
133 266
1564 727
1704 1007
1191 2382
150 300
425 850
722 1444
947 1894
1174 2348
1738 1075
1168 2336
2020 1639
1441 481
1736 1071
1091 2182
2251 2101
111 222
1990 1579
384 768
475 950
901 1802
654 1308
2035 1669
378 756
1000 2000
1638 875
1056 2112
963 1926
705 1410
225 450
309 618
755 1510
1259 117
2172 1943
1911 1421
263 526
1257 113
37 74
446 892
2207 2013
55 110
1541 681
1532 663
1081 2162
2337 2273
1198 2396
266 532
1988 1575
1364 327
269 538
623 1246
1923 1445
1413 425
757 1514
1338 275
1240 79
651 1302
1371 341
1616 831
1547 693
255 510
1648 895
428 856
2250 2099
827 1654
1283 165
2187 1973
1620 839
142 284
261 522
1609 817
1684 967
323 646
230 460
2265 2129
612 1224
2226 2051
1535 669
108 216
61 122
1088 2176
1106 2212
399 798
1254 107
2029 1657
752 1504
889 1778
1481 561
1469 537
1766 1131
1220 39
1276 151
85 170
548 1096
1150 2300
409 818
1470 539
2174 1947
1375 349
596 1192
1348 295
1683 965
1042 2084
136 272
720 1440
1791 1181
2087 1773
468 936
1420 439
967 1934
2043 1685
2146 1891
280 560
188 376
2293 2185
1747 1093
1350 299
1927 1453
347 694
1682 963
1381 361
1817 1233
1299 197
1341 281
1932 1463
727 1454
767 1534
93 186
1986 1571
176 352
240 480
1096 2192
1994 1587
793 1586
1632 863
953 1906
922 1844
2306 2211
1311 221
181 362
802 1604
1139 2278
5 10
1779 1157
1801 1201
1956 1511
440 880
436 872
2249 2097
615 1230
2115 1829
1138 2276
123 246
400 800
304 608
733 1466
2005 1609
1846 1291
223 446
1100 2200
2028 1655
786 1572
2056 1711
1969 1537
879 1758
1636 871
2221 2041
1340 279
2346 2291
1797 1193
67 134
821 1642
677 1354
1144 2288
1408 415
1499 597
1558 715
957 1914
7 14
2169 1937
1696 991
1612 823
1949 1497
2101 1801
2268 2135
1167 2334
891 1782
1871 1341
1230 59
1126 2252
666 1332
402 804
1985 1569
2011 1621
1858 1315
2023 1645
905 1810
129 258
2277 2153
815 1630
401 802
222 444
672 1344
1415 429
95 190
1243 85
1753 1105
2017 1633
2103 1805
357 714
1009 2018
1451 501
1048 2096
207 414
103 206
1833 1265
1879 1357
1691 981
1693 985
1241 81
210 420
1147 2294
1955 1509
1961 1521
1494 587
1378 355
1170 2340
295 590
768 1536
2297 2193
1770 1139
1710 1019
1585 769
867 1734
1538 675
538 1076
1143 2286
771 1542
1017 2034
964 1928
105 210
1627 853
2275 2149
245 490
769 1538
2344 2287
1884 1367
1479 557
1822 1243
652 1304
1613 825
1687 973
2235 2069
83 166
852 1704
1459 517
493 986
1894 1387
1622 843
503 1006
439 878
1856 1311
2267 2133
1901 1401
1391 381
525 1050
1979 1557
773 1546
2278 2155
933 1866
1780 1159
470 940
1377 353
1788 1175
2380 2359
938 1876
46 92
1089 2178
191 382
633 1266
842 1684
65 130
456 912
1517 633
1023 2046
690 1380
1948 1495
576 1152
1701 1001
861 1722
1357 313
1857 1313
833 1666
2322 2243
2184 1967
988 1976
544 1088
1765 1129
1057 2114
1578 755
350 700
626 1252
14 28
1215 29
1447 493
414 828
673 1346
1234 67
1998 1595
567 1134
1236 71
1136 2272
1035 2070
385 770
1145 2290
34 68
2240 2079
13 26
1383 365
760 1520
313 626
30 60
407 814
2112 1823
2118 1835
166 332
906 1812
2182 1963
143 286
1478 555
1003 2006
1919 1437
980 1960
101 202
1084 2168
24 48
1695 989
1666 931
2185 1969
2388 2375
1806 1211
885 1770
422 844
308 616
2052 1703
601 1202
162 324
2336 2271
1983 1565
1778 1155
902 1804
1293 185
2139 1877
2290 2179
1947 1493
40 80
848 1696
849 1698
1488 575
2170 1939
896 1792
2283 2165
1989 1577
179 358
545 1090
1092 2184
2131 1861
887 1774
130 260
778 1556
1101 2202
1135 2270
604 1208
929 1858
1963 1525
1786 1171
894 1788
1544 687
2095 1789
303 606
1109 2218
1700 999
2147 1893
2006 1611
1498 595
1095 2190
860 1720
1419 437
2282 2163
2312 2223
1219 37
362 724
234 468
1715 1029
1838 1275
1128 2256
82 164
1551 701
2302 2203
537 1074
1628 855
549 1098
2218 2035
676 1352
1539 677
2168 1935
1711 1021
1312 223
149 298
1409 417
146 292
417 834
803 1606
1424 447
451 902
206 412
735 1470
2104 1807
881 1762
2395 2389
675 1350
76 152
1278 155
897 1794
1987 1573
420 840
326 652
1112 2224
536 1072
1560 719
2073 1745
2247 2093
54 108
1726 1051
1310 219
441 882
1719 1037
289 578
1493 585
1097 2194
1055 2110
589 1178
26 52
1182 2364
1675 949
609 1218
753 1506
759 1518
1650 899
1713 1025
107 214
1214 27
2260 2119
686 1372
529 1058
1933 1465
22 44
616 1232
1430 459
47 94
1444 487
1480 559
1295 189
2013 1625
156 312
1864 1327
396 792
1550 699
1083 2166
1745 1089
628 1256
1688 975
775 1550
1554 707
1273 145
715 1430
1902 1403
996 1992
1728 1055
1395 389
2108 1815
381 762
1556 711
11 22
941 1882
650 1300
1872 1343
2340 2279
2311 2221
928 1856
183 366
693 1386
1619 837
35 70
580 1160
2349 2297
668 1336
1212 23
2004 1607
558 1116
1525 649
174 348
2227 2053
1563 725
1741 1081
772 1544
1656 911
806 1612
2094 1787
1662 923
273 546
602 1204
450 900
559 1118
15 30
1799 1197
571 1142
1349 297
239 478
657 1314
2066 1731
2327 2253
1845 1289
912 1824
2099 1797
1 2
2085 1769
1991 1581
1279 157
667 1334
1885 1369
774 1548
1575 749
2196 1991
807 1614
622 1244
2007 1613
1063 2126
534 1068
892 1784
2022 1643
1246 91
1040 2080
1291 181
315 630
496 992
110 220
360 720
2038 1675
2201 2001
952 1904
627 1254
1771 1141
1304 207
509 1018
2069 1737
215 430
670 1340
1526 651
1781 1161
148 296
776 1552
1346 291
1566 731
236 472
1027 2054
1397 393
2315 2229
185 370
2338 2275
1924 1447
1588 775
2374 2347
1351 301
2149 1897
1342 283
6 12
1828 1255
2133 1865
204 408
310 620
1637 873
1565 729
274 548
1004 2008
2120 1839
573 1146
2166 1931
1002 2004
317 634
115 230
1515 629
1270 139
907 1814
1315 229
1041 2082
1289 177
1410 419
1561 721
1189 2378
606 1212
1223 45
1702 1003
1645 889
1929 1457
1402 403
132 264
2308 2215
1354 307
1903 1405
421 842
203 406
704 1408
1898 1395
697 1394
248 496
1165 2330
75 150
781 1562
2334 2267
434 868
1527 653
830 1660
339 678
327 654
729 1458
819 1638
2266 2131
2070 1739
942 1884
1654 907
1405 409
478 956
746 1492
1861 1321
1250 99
1484 567
218 436
2127 1853
1878 1355
636 1272
70 140
1567 733
1452 503
2176 1951
968 1936
519 1038
643 1286
1922 1443
1186 2372
300 600
1530 659
1511 621
2389 2377
927 1854
895 1790
258 516
171 342
1049 2098
871 1742
1193 2386
1653 905
1085 2170
711 1422
2219 2037
152 304
361 722
1500 599
1114 2228
1945 1489
1618 835
2222 2043
674 1348
985 1970
1837 1273
499 998
2009 1617
523 1046
1888 1375
2160 1919
766 1532
1793 1185
1720 1039
2205 2009
1658 915
2102 1803
917 1834
527 1054
2018 1635
945 1890
1941 1481
1103 2206
1443 485
2064 1727
1390 379
1542 683
931 1862
1439 477
2059 1717
535 1070
661 1322
1474 547
165 330
1224 47
932 1864
1997 1593
2325 2249
2353 2305
1173 2346
2234 2067
2044 1687
2241 2081
660 1320
1917 1433
1229 57
1148 2296
358 716
1199 2398
193 386
1473 545
855 1710
379 758
2039 1677
2378 2355
1111 2222
1300 199
1740 1079
1818 1235
256 512
2198 1995
647 1294
1774 1147
2132 1863
296 592
2068 1735
747 1494
2051 1701
2125 1849
995 1990
659 1318
1113 2226
1507 613
1685 969
840 1680
617 1234
2161 1921
382 764
50 100
1584 767
1370 339
1698 995
2063 1725
158 316
209 418
723 1446
1641 881
712 1424
916 1832
600 1200
1570 739
1756 1111
737 1474
1163 2326
406 812
1672 943
899 1798
678 1356
2134 1867
1428 455
1571 741
1853 1305
630 1260
253 506
78 156
139 278
1883 1365
163 326
987 1974
1993 1585
961 1922
865 1730
1016 2032
2100 1799
1482 563
235 470
1297 193
884 1768
2032 1663
196 392
2397 2393
2310 2219
561 1122
507 1014
2012 1623
219 438
2193 1985
9 18
331 662
376 752
2371 2341
1339 277
2002 1603
588 1176
1329 257
180 360
1328 255
2128 1855
1124 2248
1608 815
1970 1539
2097 1793
1093 2186
383 766
2008 1615
429 858
1892 1383
173 346
275 550
1398 395
229 458
716 1432
1920 1439
956 1912
1367 333
243 486
121 242
2328 2255
1008 2016
1361 321
1521 641
250 500
642 1284
1105 2210
282 564
2209 2017
2165 1929
98 196
1434 467
898 1796
1460 519
2317 2233
2078 1755
1323 245
2394 2387
1028 2056
1465 529
268 536
155 310
649 1298
1489 577
1916 1431
782 1564
1723 1045
487 974
479 958
291 582
2180 1959
472 944
276 552
696 1392
708 1416
1202 3
16 32
863 1726
77 154
254 508
2252 2103
201 402
1423 445
2400 2399
1059 2118
1890 1379
413 826
1877 1353
1943 1485
1358 315
2130 1859
555 1110
982 1964
540 1080
1022 2044
1896 1391
286 572
959 1918
1231 61
226 452
925 1850
560 1120
2333 2265
936 1872
88 176
2366 2331
1660 919
1733 1065
1891 1381
316 632
1261 121
1471 541
1407 413
1153 2306
2067 1733
277 554
1531 661
1226 51
41 82
566 1132
1785 1169
72 144
1490 579
749 1498
1355 309
302 604
1790 1179
2399 2397
1727 1053
290 580
2148 1895
1102 2204
1975 1549
989 1978
2215 2029
2375 2349
504 1008
1228 55
607 1214
92 184
960 1920
533 1066
2157 1913
565 1130
1734 1067
1603 805
233 466
770 1540
68 136
138 276
788 1576
1169 2338
462 924
1417 433
1177 2354
882 1764
2142 1883
1852 1303
2109 1817
1591 781
1388 375
375 750
120 240
948 1896
1007 2014
1336 271
689 1378
91 182
1020 2040
1668 935
2075 1749
2232 2063
1184 2368
1284 167
335 670
761 1522
1245 89
265 530
1670 939
508 1016
1127 2254
1703 1005
1829 1257
333 666
822 1644
1025 2050
1576 751
2301 2201
279 558
886 1772
736 1472
835 1670
890 1780
2202 2003
1019 2038
2262 2123
645 1290
1076 2152
999 1998
202 404
1971 1541
517 1034
1775 1149
1928 1455
1104 2208
1773 1145
1967 1533
433 866
2212 2023
1909 1417
570 1140
2258 2115
1029 2058
260 520
69 138
90 180
423 846
730 1460
750 1500
783 1566
856 1712
1446 491
2259 2117
719 1438
1804 1207
1425 449
2237 2073
1815 1229
1749 1097
1904 1407
1285 169
1520 639
311 622
195 390
39 78
2393 2385
1926 1451
281 562
403 806
818 1636
2150 1899
231 462
1244 87
1913 1425
73 146
2307 2213
2208 2015
106 212
1400 399
1131 2262
1160 2320
1476 551
2387 2373
480 960
949 1898
1037 2074
338 676
1412 423
1549 697
2220 2039
1404 407
2153 1905
51 102
1238 75
800 1600
2299 2197
1053 2106
1164 2328
292 584
285 570
1069 2138
972 1944
2358 2315
637 1274
1115 2230
119 238
2264 2127
1455 509
1583 765
975 1950
2113 1825
1936 1471
816 1632
1776 1151
741 1482
127 254
2124 1847
1204 7
122 244
329 658
1760 1119
1974 1547
619 1238
1643 885
356 712
1559 717
194 388
1058 2116
638 1276
490 980
1678 955
2055 1709
1634 867
621 1242
1767 1133
1461 521
2210 2019
1152 2304
1960 1519
1458 515
682 1364
1889 1377
2363 2325
2200 1999
1581 761
1188 2376
1606 811
669 1338
539 1078
1590 779
1142 2284
1185 2370
1485 569
1437 473
63 126
2369 2337
1816 1231
2138 1875
1379 357
151 302
1796 1191
2248 2095
1652 903
1865 1329
1594 787
1318 235
495 990
2192 1983
1317 233
764 1528
1345 289
880 1760
2355 2309
224 448
2279 2157
2116 1831
1887 1373
1074 2148
485 970
1750 1099
2060 1719
1033 2066
283 566
1368 335
1841 1281
1421 441
1263 125
411 822
1812 1223
579 1158
706 1412
319 638
469 938
662 1324
1708 1015
1915 1429
1803 1205
684 1368
1825 1249
531 1062
893 1786
1874 1347
1366 331
688 1376
2203 2005
1546 691
1725 1049
1032 2064
395 790
1918 1435
1221 41
2030 1659
474 948
109 218
187 374
1426 451
742 1484
1362 323
2106 1811
112 224
481 962
691 1382
140 280
2054 1707
1205 9
1794 1187
825 1650
1705 1009
1596 791
1051 2102
1132 2264
270 540
550 1100
726 1452
20 40
1600 799
858 1716
2117 1833
997 1994
2048 1695
1977 1553
453 906
1396 391
864 1728
1334 267
1392 383
2167 1933
86 172
823 1646
574 1148
1045 2090
124 248
725 1450
301 602
18 36
2382 2363
147 294
595 1190
599 1198
1242 83
1844 1287
1433 465
1207 13
1950 1499
552 1104
991 1982
2242 2083
785 1570
1655 909
1382 363
394 788
1518 635
2316 2231
1757 1113
157 314
2041 1681
1706 1011
220 440
1863 1325
1699 997
99 198
1001 2002
608 1216
1050 2100
1418 435
271 542
620 1240
1621 841
1068 2136
1225 49
732 1464
2077 1753
794 1588
796 1592
1589 777
910 1820
348 696
66 132
1307 213
8 16
2390 2379
1940 1479
1614 827
820 1640
758 1516
1209 17
844 1688
2319 2237
680 1360
221 442
2049 1697
594 1188
694 1388
1921 1441
702 1404
100 200
435 870
510 1020
2269 2137
1325 249
2384 2367
2040 1679
2362 2323
955 1910
1211 21
2314 2227
1414 427
1663 925
1282 163
592 1184
1514 627
21 42
520 1040
1156 2312
2224 2047
1110 2220
1984 1567
532 1064
1066 2132
1978 1555
60 120
1030 2060
1942 1483
1598 795
1657 913
1158 2316
2257 2113
1252 103
2088 1775
80 160
1999 1597
322 644
1161 2322
501 1002
1835 1269
177 354
1125 2250
1954 1507
473 946
415 830
1809 1217
2111 1821
629 1258
1758 1115
2156 1911
58 116
2243 2085
1316 231
2323 2245
2345 2289
1562 723
1475 549
189 378
1133 2266
846 1692
2296 2191
2280 2159
829 1658
466 932
1213 25
1021 2042
52 104
1356 311
1333 265
754 1508
1134 2268
935 1870
2254 2107
1624 847
1067 2134
832 1664
874 1748
1814 1227
1406 411
873 1746
1501 601
1848 1295
1545 689
1183 2366
314 628
1623 845
745 1490
1256 111
2287 2173
186 372
831 1662
1635 869
59 118
48 96
1787 1173
1897 1393
497 994
853 1706
1697 993
707 1414
709 1418
798 1596
562 1124
1508 615
2261 2121
2359 2317
1301 201
19 38
546 1092
1731 1061
1487 573
797 1594
2062 1723
1811 1221
1862 1323
710 1420
341 682
397 794
1789 1177
904 1808
1572 743
837 1674
345 690
1604 807
1457 513
2343 2285
232 464
267 534
1644 887
312 624
2086 1771
909 1818
1222 43
692 1384
2037 1673
126 252
970 1940
1875 1349
471 942
1140 2280
427 854
913 1826
1914 1427
1893 1385
557 1114
1119 2238
1744 1087
748 1496
25 50
2271 2141
25 1554
1449 497
2092 1783
318 636
1187 2374
1327 253
971 1942
